#File_format=Hex
#Address_depth=4096
#Data_width=8
4D
54
68
64
00
00
00
06
00
01
00
02
01
E0
4D
54
72
6B
00
00
00
41
00
FF
03
04
46
46
31
34
00
FF
01
11
BD
F6
CF
DE
46
46
31
34
D1
DD
D7
E0
CA
B9
D3
C3
0A
00
FF
01
07
62
79
C4
CC
CC
C7
0A
00
FF
58
04
04
02
18
08
00
FF
59
02
04
00
00
FF
51
03
07
90
FC
00
FF
2F
00
4D
54
72
6B
00
00
2A
42
00
FF
03
0A
D6
F7
D0
FD
C2
C9
B9
FD
D4
D8
00
C0
00
00
B0
07
65
00
90
42
72
00
36
58
00
36
58
81
70
42
00
00
49
72
81
70
49
00
00
42
5D
81
70
42
00
00
36
00
00
36
00
00
49
5D
00
36
44
00
36
44
81
70
49
00
00
47
68
78
47
00
00
45
68
78
45
00
00
42
68
81
70
42
00
00
36
00
00
36
00
00
45
5D
00
36
44
00
36
44
81
70
45
00
00
47
5D
81
70
47
00
00
36
00
00
36
00
00
42
72
00
39
58
00
39
58
81
70
42
00
00
49
72
81
70
49
00
00
42
5D
81
70
42
00
00
39
00
00
39
00
00
49
5D
00
39
44
00
39
44
81
70
49
00
00
47
68
78
47
00
00
45
68
78
45
00
00
42
68
81
70
42
00
00
39
00
00
39
00
00
45
5D
00
39
44
00
39
44
81
70
45
00
00
47
5D
81
70
47
00
00
39
00
00
39
00
00
42
72
00
3B
58
00
3B
58
81
70
42
00
00
49
72
81
70
49
00
00
42
5D
81
70
42
00
00
3B
00
00
3B
00
00
49
5D
00
3B
44
00
3B
44
81
70
49
00
00
47
68
78
47
00
00
45
68
78
45
00
00
42
68
81
70
42
00
00
3B
00
00
3B
00
00
45
5D
00
3B
44
00
3B
44
81
70
45
00
00
47
5D
81
70
47
00
00
3B
00
00
3B
00
00
49
72
00
31
58
00
3D
58
81
70
49
00
00
4E
72
81
70
4E
00
00
49
5D
81
70
49
00
00
3D
00
00
31
00
00
4E
5D
00
31
44
00
3D
44
81
70
4E
00
00
49
68
83
60
3D
00
00
31
00
00
31
44
00
3D
44
83
60
3D
00
00
31
00
00
49
00
00
42
72
00
36
58
00
36
58
81
70
42
00
00
49
72
81
70
49
00
00
42
5D
81
70
42
00
00
36
00
00
36
00
00
49
5D
00
36
44
00
36
44
81
70
49
00
00
47
68
78
47
00
00
45
68
78
45
00
00
42
68
81
70
42
00
00
36
00
00
36
00
00
45
5D
00
36
44
00
36
44
81
70
45
00
00
47
5D
81
70
47
00
00
36
00
00
36
00
00
42
72
00
39
58
00
39
58
81
70
42
00
00
49
72
81
70
49
00
00
42
5D
81
70
42
00
00
39
00
00
39
00
00
49
5D
00
39
44
00
39
44
81
70
49
00
00
47
68
78
47
00
00
45
68
78
45
00
00
42
68
81
70
42
00
00
39
00
00
39
00
00
45
5D
00
39
44
00
39
44
81
70
45
00
00
47
5D
81
70
47
00
00
39
00
00
39
00
00
42
72
00
3B
58
00
3B
58
81
70
42
00
00
49
72
81
70
49
00
00
42
5D
81
70
42
00
00
3B
00
00
3B
00
00
49
5D
00
3B
44
00
3B
44
81
70
49
00
00
47
68
78
47
00
00
45
68
78
45
00
00
42
68
81
70
42
00
00
3B
00
00
3B
00
00
45
5D
00
3B
44
00
3B
44
81
70
45
00
00
47
5D
81
70
47
00
00
3B
00
00
3B
00
00
49
72
00
31
58
00
3D
58
81
70
49
00
00
4E
72
81
70
4E
00
00
49
5D
81
70
49
00
00
3D
00
00
31
00
00
4E
5D
00
31
44
00
3D
44
81
70
4E
00
00
49
68
83
60
3D
00
00
31
00
00
31
44
00
3D
44
83
60
3D
00
00
31
00
00
49
00
00
42
72
00
36
58
00
36
58
81
70
42
00
00
49
72
81
70
49
00
00
42
5D
81
70
42
00
00
36
00
00
36
00
00
49
5D
00
36
44
00
36
44
81
70
49
00
00
47
68
78
47
00
00
45
68
78
45
00
00
42
68
81
70
42
00
00
36
00
00
36
00
00
45
5D
00
36
44
00
36
44
81
70
45
00
00
47
5D
81
70
47
00
00
36
00
00
36
00
00
42
72
00
39
58
00
39
58
81
70
42
00
00
49
72
81
70
49
00
00
42
5D
81
70
42
00
00
39
00
00
39
00
00
49
5D
00
39
44
00
39
44
81
70
49
00
00
47
68
78
47
00
00
45
68
78
45
00
00
42
68
81
70
42
00
00
39
00
00
39
00
00
45
5D
00
39
44
00
39
44
81
70
45
00
00
47
5D
81
70
47
00
00
39
00
00
39
00
00
49
72
00
36
58
00
36
58
81
70
49
00
00
45
72
78
45
00
00
45
72
78
45
00
00
47
5D
81
70
47
00
00
45
5D
78
45
00
00
45
5D
78
45
00
00
49
68
81
70
49
00
00
36
00
00
36
00
00
45
68
00
36
4E
00
36
4E
78
45
00
00
47
68
81
70
47
00
00
36
00
00
36
00
00
45
5D
00
36
44
00
36
44
82
68
36
00
00
36
00
00
45
00
00
49
72
00
39
58
00
39
58
78
49
00
00
49
72
78
49
00
00
49
72
78
49
00
00
4A
72
78
4A
00
00
49
5D
78
49
00
00
45
5D
78
45
00
00
45
5D
78
45
00
00
45
5D
78
45
00
00
40
68
81
70
40
00
00
39
00
00
39
00
00
47
68
00
39
4E
00
39
4E
81
70
47
00
00
45
5D
78
39
00
00
39
00
00
39
44
00
39
44
78
45
00
00
45
5D
81
70
45
00
00
39
00
00
39
00
00
44
72
00
3B
58
00
3B
58
78
44
00
00
44
72
78
44
00
00
45
72
78
45
00
00
45
72
78
45
00
00
44
5D
78
44
00
00
44
5D
78
44
00
00
44
5D
78
44
00
00
44
5D
78
44
00
00
42
68
81
70
42
00
00
3B
00
00
3B
00
00
44
68
00
3B
4E
00
3B
4E
78
44
00
00
44
68
81
70
3B
00
00
3B
00
00
3B
44
00
3B
44
78
44
00
00
45
5D
78
45
00
00
40
5D
78
40
00
00
3B
00
00
3B
00
00
45
72
00
31
58
00
3D
58
81
70
45
00
00
47
72
81
70
47
00
00
49
5D
81
70
49
00
00
4A
5D
81
70
4A
00
00
49
68
81
70
3D
00
00
31
00
00
31
4E
00
3D
4E
81
70
49
00
78
3D
00
00
31
00
00
31
44
00
3D
44
82
68
3D
00
00
31
00
00
49
72
00
36
58
00
36
58
81
70
49
00
00
45
72
78
45
00
00
45
72
78
45
00
00
47
5D
81
70
47
00
00
45
5D
78
45
00
00
45
5D
78
45
00
00
49
68
81
70
49
00
00
36
00
00
36
00
00
45
68
00
36
4E
00
36
4E
78
45
00
00
47
68
81
70
47
00
00
36
00
00
36
00
00
45
5D
00
36
44
00
36
44
82
68
36
00
00
36
00
00
45
00
00
49
72
00
39
58
00
39
58
78
49
00
00
49
72
78
49
00
00
49
72
78
49
00
00
4A
72
78
4A
00
00
49
5D
78
49
00
00
45
5D
78
45
00
00
45
5D
78
45
00
00
45
5D
78
45
00
00
40
68
81
70
40
00
00
39
00
00
39
00
00
47
68
00
39
4E
00
39
4E
81
70
47
00
00
45
5D
78
39
00
00
39
00
00
39
44
00
39
44
78
45
00
00
45
5D
81
70
45
00
00
39
00
00
39
00
00
44
72
00
3B
58
00
3B
58
78
44
00
00
44
72
78
44
00
00
45
72
78
45
00
00
45
72
78
45
00
00
44
5D
78
44
00
00
44
5D
78
44
00
00
44
5D
78
44
00
00
44
5D
78
44
00
00
42
68
81
70
42
00
00
3B
00
00
3B
00
00
44
68
00
3B
4E
00
3B
4E
78
44
00
00
44
68
81
70
3B
00
00
3B
00
00
3B
44
00
3B
44
78
44
00
00
45
5D
78
45
00
00
40
5D
78
40
00
00
3B
00
00
3B
00
00
45
72
00
31
58
00
3D
58
81
70
45
00
00
47
72
81
70
47
00
00
49
5D
81
70
49
00
00
4A
5D
81
70
4A
00
00
49
68
81
70
3D
00
00
31
00
00
31
4E
00
3D
4E
81
70
49
00
00
47
5D
78
3D
00
00
31
00
00
31
44
00
3D
44
78
47
00
00
45
5D
81
70
45
00
00
3D
00
00
31
00
00
36
58
00
36
58
83
60
42
5D
78
42
00
00
42
5D
78
42
00
00
47
5D
83
60
47
00
00
36
00
00
36
00
00
45
68
00
36
4E
00
36
4E
81
70
45
00
00
44
5D
78
36
00
00
36
00
00
36
44
00
36
44
78
44
00
00
45
5D
78
45
00
00
44
5D
78
36
00
00
36
00
00
39
58
00
39
58
78
44
00
00
42
72
82
68
42
00
00
49
5D
78
49
00
00
49
5D
78
49
00
00
49
5D
78
49
00
00
49
5D
78
49
00
00
4A
68
81
70
4A
00
00
39
00
00
39
00
00
49
68
00
39
4E
00
39
4E
81
70
49
00
00
47
5D
78
39
00
00
39
00
00
39
44
00
39
44
78
47
00
00
49
5D
78
49
00
00
47
5D
78
39
00
00
39
00
00
3B
58
00
3B
58
78
47
00
00
45
72
82
68
45
00
00
45
5D
78
45
00
00
45
5D
78
45
00
00
45
5D
78
45
00
00
44
5D
82
68
44
00
00
3B
00
00
3B
00
00
45
68
00
3B
4E
00
3B
4E
81
70
45
00
00
47
5D
78
3B
00
00
3B
00
00
3B
44
00
3B
44
78
47
00
00
45
5D
78
45
00
00
45
5D
78
3B
00
00
3B
00
00
31
58
00
3D
58
78
45
00
00
47
72
78
47
00
00
49
72
87
40
3D
00
00
31
00
00
31
4E
00
3D
4E
81
70
49
00
78
3D
00
00
31
00
00
31
44
00
3D
44
82
68
3D
00
00
31
00
00
36
58
00
36
58
83
60
42
5D
78
42
00
00
42
5D
81
70
42
00
00
47
5D
82
68
47
00
00
36
00
00
36
00
00
45
68
00
36
4E
00
36
4E
81
70
45
00
00
44
5D
78
36
00
00
36
00
00
36
44
00
36
44
78
44
00
00
45
5D
78
45
00
00
44
5D
78
36
00
00
36
00
00
39
58
00
39
58
78
44
00
00
42
72
82
68
42
00
00
49
5D
81
70
49
00
00
49
5D
78
49
00
00
4A
5D
82
68
4A
00
00
39
00
00
39
00
00
49
68
00
39
4E
00
39
4E
81
70
49
00
00
47
5D
78
39
00
00
39
00
00
39
44
00
39
44
78
47
00
00
49
5D
78
49
00
00
47
5D
78
39
00
00
39
00
00
3B
58
00
3B
58
78
47
00
00
45
72
82
68
45
00
00
45
5D
78
45
00
00
45
5D
78
45
00
00
45
5D
78
45
00
00
45
5D
78
45
00
00
49
68
81
70
49
00
00
3B
00
00
3B
00
00
47
68
00
3B
4E
00
3B
4E
78
47
00
00
45
68
78
45
00
00
47
5D
78
3B
00
00
3B
00
00
3B
44
00
3B
44
78
47
00
00
49
5D
81
70
49
00
00
3B
00
00
3B
00
00
31
58
00
3D
58
83
60
3D
00
00
31
00
00
31
44
00
3D
44
83
60
3D
00
00
31
00
00
31
4E
00
3D
4E
81
70
3D
00
00
31
00
00
31
4E
00
3D
4E
81
70
3D
00
00
31
00
83
60
4B
72
00
33
58
00
33
58
81
70
4B
00
00
4E
72
81
70
4E
00
00
4D
5D
81
70
4D
00
00
33
00
00
33
00
00
49
5D
00
33
44
00
33
44
81
70
33
00
00
33
00
00
49
00
00
4B
68
00
3B
4E
00
2F
4E
81
70
4B
00
00
4E
68
78
4E
00
00
4D
68
81
70
4D
00
00
49
5D
78
49
00
00
2F
00
00
3B
00
00
49
5D
00
3B
44
00
2F
44
81
70
2F
00
00
3B
00
00
49
00
00
4B
72
00
31
58
00
31
58
81
70
4B
00
00
4E
72
81
70
4E
00
00
4D
5D
81
70
4D
00
00
31
00
00
31
00
00
49
5D
00
31
44
00
31
44
81
70
31
00
00
31
00
00
49
00
00
4B
68
00
36
4E
00
36
4E
81
70
4B
00
00
49
68
78
49
00
00
49
68
78
36
00
00
36
00
00
35
44
00
35
44
81
70
35
00
00
35
00
00
36
44
00
36
44
81
70
36
00
00
36
00
00
49
00
00
4B
72
00
33
58
00
33
58
81
70
4B
00
00
49
72
81
70
49
00
00
42
5D
81
70
42
00
00
33
00
00
33
00
00
4B
5D
00
33
44
00
33
44
81
70
33
00
00
33
00
00
4B
00
00
49
68
00
3B
4E
00
2F
4E
81
70
49
00
00
42
68
81
70
42
00
00
41
5D
81
70
41
00
00
2F
00
00
3B
00
00
42
5D
00
3B
44
00
2F
44
81
70
2F
00
00
3B
00
00
42
00
00
4B
72
00
31
58
00
31
58
83
60
4B
00
00
49
5D
81
70
49
00
00
31
00
00
31
00
00
47
5D
00
31
44
00
31
44
81
70
31
00
00
31
00
00
47
00
00
46
68
00
36
4E
00
36
4E
81
70
46
00
00
42
68
81
70
42
00
81
70
36
00
00
36
00
00
36
44
00
36
44
81
70
36
00
00
36
00
00
4B
72
00
33
58
00
33
58
81
70
4B
00
00
4E
72
81
70
4E
00
00
4D
5D
81
70
4D
00
00
33
00
00
33
00
00
49
5D
00
33
44
00
33
44
81
70
33
00
00
33
00
00
49
00
00
4B
68
00
3B
4E
00
2F
4E
81
70
4B
00
00
4E
68
78
4E
00
00
4D
68
81
70
4D
00
00
49
5D
78
49
00
00
2F
00
00
3B
00
00
49
5D
00
3B
44
00
2F
44
81
70
2F
00
00
3B
00
00
49
00
00
4B
72
00
31
58
00
31
58
81
70
4B
00
00
4E
72
81
70
4E
00
00
4E
5D
81
70
4E
00
00
31
00
00
31
00
00
50
5D
00
31
44
00
31
44
81
70
31
00
00
31
00
00
50
00
00
52
68
00
36
4E
00
36
4E
83
60
36
00
00
36
00
00
52
00
00
4E
5D
00
35
44
00
35
44
81
70
35
00
00
35
00
00
4E
00
00
4D
5D
00
36
44
00
36
44
81
70
36
00
00
36
00
00
4D
00
00
4E
72
00
33
58
00
33
58
85
50
33
00
00
33
00
00
4E
00
00
49
5D
00
33
44
00
33
44
81
70
33
00
00
33
00
00
49
00
00
4E
68
00
3B
4E
00
2F
4E
81
70
4E
00
00
4D
68
78
4D
00
00
4B
68
82
68
4B
00
00
2F
00
00
3B
00
00
49
5D
00
3B
44
00
2F
44
81
70
2F
00
00
3B
00
00
49
00
00
4B
72
00
31
58
00
31
58
81
70
4B
00
00
49
72
78
49
00
00
47
72
82
68
47
00
00
31
00
00
31
00
00
46
5D
00
31
44
00
31
44
81
70
31
00
00
31
00
00
46
00
00
44
68
00
36
4E
00
36
4E
81
70
44
00
00
42
68
81
70
42
00
83
60
36
00
00
36
00
00
42
72
00
36
58
00
36
58
81
70
42
00
00
49
72
81
70
49
00
00
42
5D
81
70
42
00
00
36
00
00
36
00
00
49
5D
00
36
44
00
36
44
81
70
49
00
00
47
68
78
47
00
00
45
68
78
45
00
00
42
68
81
70
42
00
00
36
00
00
36
00
00
45
5D
00
36
44
00
36
44
81
70
45
00
00
47
5D
81
70
47
00
00
36
00
00
36
00
00
42
72
00
39
58
00
39
58
81
70
42
00
00
49
72
81
70
49
00
00
42
5D
81
70
42
00
00
39
00
00
39
00
00
49
5D
00
39
44
00
39
44
81
70
49
00
00
47
68
78
47
00
00
45
68
78
45
00
00
42
68
81
70
42
00
00
39
00
00
39
00
00
45
5D
00
39
44
00
39
44
81
70
45
00
00
47
5D
81
70
47
00
00
39
00
00
39
00
00
42
72
00
3B
58
00
3B
58
81
70
42
00
00
49
72
81
70
49
00
00
42
5D
81
70
42
00
00
3B
00
00
3B
00
00
49
5D
00
3B
44
00
3B
44
81
70
49
00
00
47
68
78
47
00
00
45
68
78
45
00
00
42
68
81
70
42
00
00
3B
00
00
3B
00
00
45
5D
00
3B
44
00
3B
44
81
70
45
00
00
47
5D
81
70
47
00
00
3B
00
00
3B
00
00
49
72
00
31
58
00
3D
58
81
70
49
00
00
4E
72
81
70
4E
00
00
49
5D
81
70
49
00
00
3D
00
00
31
00
00
4E
5D
00
31
44
00
3D
44
81
70
4E
00
00
49
68
83
60
3D
00
00
31
00
00
31
44
00
3D
44
83
60
3D
00
00
31
00
00
49
00
00
49
72
00
36
58
00
36
58
81
70
49
00
00
45
72
78
45
00
00
45
72
78
45
00
00
47
5D
81
70
47
00
00
45
5D
78
45
00
00
45
5D
78
45
00
00
49
68
81
70
49
00
00
36
00
00
36
00
00
45
68
00
36
4E
00
36
4E
78
45
00
00
47
68
81
70
47
00
00
36
00
00
36
00
00
45
5D
00
36
44
00
36
44
82
68
36
00
00
36
00
00
45
00
00
49
72
00
39
58
00
39
58
78
49
00
00
49
72
78
49
00
00
49
72
78
49
00
00
4A
72
78
4A
00
00
49
5D
78
49
00
00
45
5D
78
45
00
00
45
5D
78
45
00
00
45
5D
78
45
00
00
40
68
81
70
40
00
00
39
00
00
39
00
00
47
68
00
39
4E
00
39
4E
81
70
47
00
00
45
5D
78
39
00
00
39
00
00
39
44
00
39
44
78
45
00
00
45
5D
81
70
45
00
00
39
00
00
39
00
00
44
72
00
3B
58
00
3B
58
78
44
00
00
44
72
78
44
00
00
45
72
78
45
00
00
45
72
78
45
00
00
44
5D
78
44
00
00
44
5D
78
44
00
00
44
5D
78
44
00
00
44
5D
78
44
00
00
42
68
81
70
42
00
00
3B
00
00
3B
00
00
44
68
00
3B
4E
00
3B
4E
78
44
00
00
44
68
81
70
3B
00
00
3B
00
00
3B
44
00
3B
44
78
44
00
00
45
5D
78
45
00
00
40
5D
78
40
00
00
3B
00
00
3B
00
00
45
72
00
31
58
00
3D
58
81
70
45
00
00
47
72
81
70
47
00
00
49
5D
81
70
49
00
00
4A
5D
81
70
4A
00
00
49
68
81
70
3D
00
00
31
00
00
31
4E
00
3D
4E
81
70
49
00
78
3D
00
00
31
00
00
31
44
00
3D
44
82
68
3D
00
00
31
00
00
49
72
00
36
58
00
36
58
81
70
49
00
00
45
72
78
45
00
00
45
72
78
45
00
00
47
5D
81
70
47
00
00
45
5D
78
45
00
00
45
5D
78
FF
